Day,Active Subs,Subs,Direct Wap,WEB Pin,Direct SMS,Web SMS,Wap SMS,Click Tag,Link Click,Java App,Link Pin,Wap Pin,Android,IVR,GooglePlay,Other,Un Subs,Wap,Pin,SMS,Billing Rule,Cust. Care,Op. Admin,IVR,Others,Growth
1/12/2012,27990,366,0,5,10,2,30,151,0,155,0,13,0,0,0,0,241,0,0,146,90,5,0,0,0,125
2/12/2012,28143,478,0,9,5,2,36,200,0,207,0,19,0,0,0,0,325,0,0,242,78,1,4,0,0,153
3/12/2012,28375,578,0,56,16,9,36,219,0,227,0,15,0,0,0,0,346,0,0,229,106,5,6,0,0,232
4/12/2012,28816,813,0,126,19,18,48,311,0,271,0,20,0,0,0,0,372,0,0,286,75,6,5,0,0,441
5/12/2012,29209,763,0,95,10,22,40,335,0,239,0,22,0,0,0,0,370,0,1,274,91,2,2,0,0,393
6/12/2012,29436,571,0,50,13,11,53,221,0,205,0,18,0,0,0,0,344,0,1,240,96,2,5,0,0,227
7/12/2012,29853,642,0,45,16,5,63,284,0,218,0,11,0,0,0,0,225,0,1,125,98,0,1,0,0,417
8/12/2012,30168,623,0,18,18,4,45,268,0,257,0,13,0,0,0,0,308,0,0,258,45,3,2,0,0,315
9/12/2012,30415,599,0,10,17,0,43,274,0,238,0,17,0,0,0,0,352,0,0,233,109,10,0,0,0,247
10/12/2012,30578,510,0,36,21,7,42,214,0,176,0,14,0,0,0,0,347,0,0,233,107,1,6,0,0,163
11/12/2012,30700,412,0,21,12,6,37,151,0,175,0,10,0,0,0,0,290,0,0,189,92,4,5,0,0,122
12/12/2012,30786,334,0,24,12,2,31,134,0,126,0,5,0,0,0,0,248,0,0,152,90,3,3,0,0,86
13/12/2012,30828,446,0,52,12,7,32,166,0,173,0,4,0,0,0,0,404,0,0,307,89,4,4,0,0,42
14/12/2012,30748,310,0,96,18,21,15,49,0,105,0,6,0,0,0,0,390,0,0,263,118,0,9,0,0,-80
15/12/2012,30745,310,0,48,5,6,17,88,0,138,0,8,0,0,0,0,313,0,0,211,99,1,2,0,0,-3
16/12/2012,30808,377,0,29,13,6,20,126,0,178,0,5,0,0,0,0,314,0,0,227,82,5,0,0,0,63
17/12/2012,30956,476,0,57,20,7,39,181,0,162,0,10,0,0,0,0,328,0,2,222,93,4,7,0,0,148
18/12/2012,31035,410,0,16,14,9,20,163,0,182,0,6,0,0,0,0,331,0,0,224,94,1,12,0,0,79
19/12/2012,31109,381,0,37,12,4,27,139,0,154,0,7,1,0,0,0,307,0,0,198,99,3,7,0,0,74
20/12/2012,31024,194,0,31,5,1,5,47,0,97,0,8,0,0,0,0,279,0,0,157,109,7,6,0,0,-85
21/12/2012,30954,247,0,61,6,9,11,63,0,92,0,5,0,0,0,0,317,0,0,207,107,1,2,0,0,-70
22/12/2012,30886,220,0,23,11,3,16,60,0,98,0,9,0,0,0,0,288,0,0,173,114,1,0,0,0,-68
23/12/2012,30804,199,0,18,6,5,21,56,0,87,0,6,0,0,0,0,281,0,0,165,114,2,0,0,0,-82
24/12/2012,30741,175,0,24,5,7,5,45,0,84,0,5,0,0,0,0,238,0,0,120,116,2,0,0,0,-63
25/12/2012,30661,211,0,14,6,1,13,44,0,126,0,7,0,0,0,0,291,0,0,184,104,3,0,0,0,-80
26/12/2012,30609,211,0,21,7,1,15,60,0,94,0,13,0,0,0,0,263,0,0,179,83,1,0,0,0,-52
27/12/2012,30538,221,0,12,8,7,11,64,0,114,0,5,0,0,0,0,292,0,0,176,116,0,0,0,0,-71
28/12/2012,30631,315,0,11,13,3,18,128,0,131,0,11,0,0,0,0,222,0,0,102,120,0,0,0,0,93
29/12/2012,30805,474,0,66,9,3,33,159,0,195,0,9,0,0,0,0,300,0,0,182,113,2,3,0,0,174
30/12/2012,30871,426,0,101,11,7,20,112,0,167,0,8,0,0,0,0,360,0,0,213,146,1,0,0,0,66
31/12/2012,31038,426,0,96,13,7,29,102,0,174,0,5,0,0,0,0,259,0,0,119,138,2,0,0,0,167
1/1/2013,31119,605,0,156,17,17,28,191,0,192,0,4,0,0,0,0,524,0,0,324,200,0,0,0,0,81
2/1/2013,31231,657,0,321,27,33,15,97,0,159,0,5,0,0,0,0,545,0,0,362,174,6,3,0,0,112
3/1/2013,31274,577,0,240,17,40,18,90,0,159,0,13,0,0,0,0,534,0,0,346,182,4,2,0,0,43
4/1/2013,31183,366,0,70,5,13,14,100,0,157,0,7,0,0,0,0,457,0,0,304,148,2,3,0,0,-91
5/1/2013,31100,293,0,18,5,1,13,99,0,147,0,10,0,0,0,0,376,0,0,237,137,2,0,0,0,-83
6/1/2013,31035,298,0,4,3,2,11,103,0,168,0,7,0,0,0,0,363,0,0,202,156,5,0,0,0,-65
7/1/2013,30973,294,0,19,7,5,12,85,0,155,0,11,0,0,0,0,356,0,0,146,202,2,6,0,0,-62
8/1/2013,30890,278,0,10,7,3,12,92,0,139,0,15,0,0,0,0,361,0,0,171,180,3,7,0,0,-83
9/1/2013,30771,257,0,26,2,2,10,83,0,126,0,8,0,0,0,0,376,0,0,191,172,8,5,0,0,-119
10/1/2013,30608,305,0,18,0,1,10,72,0,197,0,7,0,0,0,0,468,0,0,280,180,3,5,0,0,-163
11/1/2013,30558,318,0,10,2,1,14,54,0,223,0,14,0,0,0,0,368,0,0,212,149,0,7,0,0,-50
12/1/2013,30516,316,0,9,4,1,8,78,0,208,0,8,0,0,0,0,358,0,0,189,164,2,3,0,0,-42
13/01/2013,30447,214,0,5,1,1,3,41,0,155,0,8,0,0,0,0,283,0,0,115,165,2,1,0,0,-69
14/01/2013,30350,368,0,10,7,1,9,93,0,243,0,5,0,0,0,0,465,0,0,237,219,3,6,0,0,-97
15/01/2013,30199,283,0,6,6,2,17,87,0,164,0,1,0,0,0,0,434,0,0,220,212,1,1,0,0,-151
16/01/2013,30048,269,0,6,7,1,7,60,0,184,0,4,0,0,0,0,420,0,0,188,227,3,2,0,0,-151
17/01/2013,30013,293,0,13,5,1,16,75,0,181,0,2,0,0,0,0,328,0,0,145,178,0,5,0,0,-35
18/01/2013,29872,355,1,22,11,8,25,88,0,197,0,3,0,0,0,0,496,0,0,236,257,0,3,0,0,-141
19/01/2013,29778,325,0,9,8,3,19,82,0,201,0,3,0,0,0,0,419,0,0,196,218,1,4,0,0,-94
20/01/2013,29649,306,1,20,8,2,17,74,0,179,0,5,0,0,0,0,435,0,0,225,210,0,0,0,0,-129
21/01/2013,29499,267,0,14,9,5,7,80,0,151,0,1,0,0,0,0,417,0,0,201,207,1,8,0,0,-150
22/01/2013,29323,228,0,11,7,0,9,49,0,152,0,0,0,0,0,0,404,0,0,201,193,4,6,0,0,-176
23/01/2013,29220,307,0,42,4,1,7,55,0,193,0,5,0,0,0,0,410,0,0,199,207,3,1,0,0,-103
24/01/2013,29203,361,0,58,9,4,16,55,0,216,0,3,0,0,0,0,378,0,0,190,176,1,11,0,0,-17
25/01/2013,29158,303,0,32,8,3,8,61,0,191,0,0,0,0,0,0,348,0,0,171,173,0,4,0,0,-45
26/01/2013,29232,349,0,33,9,1,11,71,0,219,0,5,0,0,0,0,275,0,0,69,203,1,2,0,0,74
27/01/2013,29176,336,1,19,7,1,14,81,0,209,0,4,0,0,0,0,392,0,0,181,202,6,3,0,0,-56
28/01/2013,29181,392,1,46,15,6,26,100,0,195,0,3,0,0,0,0,387,0,0,179,201,1,6,0,0,5
29/01/2013,29144,354,0,41,15,0,10,121,0,166,0,1,0,0,0,0,391,0,0,190,194,2,5,0,0,-37
30/01/2013,29214,407,2,31,5,5,16,167,0,174,0,7,0,0,0,0,337,0,0,180,154,0,3,0,0,70
31/01/2013,29377,646,1,111,10,8,25,247,0,240,0,4,0,0,0,0,483,0,0,287,188,4,4,0,0,163
1/2/2013,29488,543,0,44,4,4,26,236,0,224,0,5,0,0,0,0,432,0,0,224,204,0,4,0,0,111
2/2/2013,29636,630,3,25,9,2,23,269,0,296,0,3,0,0,0,0,482,0,0,273,205,4,0,0,0,148
3/2/2013,29847,593,2,26,12,1,13,240,0,295,0,3,0,0,1,0,382,0,0,222,156,4,0,0,0,211
4/2/2013,29856,495,2,35,38,4,25,180,0,209,0,2,0,0,0,0,486,0,1,212,270,2,1,0,0,9
5/2/2013,29866,446,0,16,35,0,25,178,0,189,0,3,0,0,0,0,436,0,0,216,209,4,7,0,0,10
6/2/2013,29872,423,1,11,11,1,20,182,0,192,0,5,0,0,0,0,417,0,0,203,206,1,7,0,0,6
7/2/2013,30017,537,1,38,9,4,29,212,0,238,0,6,0,0,0,0,392,0,0,249,134,3,6,0,0,145
8/2/2013,30025,517,1,34,16,2,28,184,0,248,0,3,0,0,1,0,509,0,0,266,241,0,2,0,0,8
9/2/2013,30028,470,1,23,14,0,19,167,0,242,0,4,0,0,0,0,467,0,0,225,236,1,5,0,0,3
10/2/2013,30234,564,4,8,9,3,37,200,0,297,0,6,0,0,0,0,358,0,0,243,111,1,3,0,0,206
11/2/2013,30146,431,1,16,10,1,20,164,0,217,0,2,0,0,0,0,519,0,0,240,276,1,2,0,0,-88
12/2/2013,30288,502,3,30,8,0,36,185,0,229,0,11,0,0,0,0,360,0,0,142,210,4,4,0,0,142
13/02/2013,30242,326,5,21,3,5,16,115,0,151,0,10,0,0,0,0,372,0,0,148,219,1,4,0,0,-46
14/02/2013,30101,318,7,29,3,7,23,107,0,135,0,7,0,0,0,0,459,0,0,222,224,2,11,0,0,-141
15/02/2013,29959,288,10,31,10,2,22,85,0,123,0,5,0,0,0,0,430,0,0,215,209,2,4,0,0,-142
16/02/2013,29956,332,7,26,5,0,21,98,0,166,0,9,0,0,0,0,335,0,0,141,193,0,1,0,0,-3
17/02/2013,29887,300,10,19,8,1,8,97,0,154,0,3,0,0,0,0,369,0,0,186,177,3,3,0,0,-69
18/02/2013,29852,306,2,20,8,3,12,107,0,148,0,5,0,0,1,0,341,0,0,161,169,1,10,0,0,-35
19/02/2013,29819,294,1,7,9,2,18,100,0,157,0,0,0,0,0,0,327,0,0,161,157,2,7,0,0,-33
20/02/2013,29804,334,5,8,4,1,26,143,0,142,0,5,0,0,0,0,349,0,0,170,172,3,4,0,0,-15
21/02/2013,29752,319,5,6,5,0,16,133,0,153,0,1,0,0,0,0,371,0,0,204,164,1,2,0,0,-52
22/02/2013,29655,263,5,12,5,3,17,95,0,125,0,1,0,0,0,0,360,0,1,174,178,0,7,0,0,-97
23/02/2013,29713,290,5,9,6,0,19,112,0,136,0,3,0,0,0,0,232,0,0,105,123,2,2,0,0,58
24/02/2013,29731,319,6,10,4,1,25,104,0,166,0,3,0,0,0,0,301,0,0,133,165,3,0,0,0,18
25/02/2013,29635,322,4,25,8,2,22,117,0,144,0,0,0,0,0,0,418,0,0,224,182,5,7,0,0,-96
26/02/2013,29611,135,10,23,1,1,6,49,0,43,0,2,0,0,0,0,159,0,0,26,128,0,5,0,0,-24
27/02/2013,29430,143,2,8,2,1,9,57,0,62,0,2,0,0,0,0,324,0,0,145,175,1,3,0,0,-181
28/02/2013,29358,377,2,23,5,6,33,156,0,147,0,5,0,0,0,0,449,0,0,252,188,4,5,0,0,-72
1/3/2013,29432,384,0,12,9,2,24,149,0,186,0,2,0,0,0,0,310,0,0,127,179,1,3,0,0,74
2/3/2013,29380,345,0,10,10,0,25,123,0,174,0,3,0,0,0,0,397,0,0,231,163,2,1,0,0,-52
3/3/2013,29432,420,0,6,9,3,25,169,0,206,0,2,0,0,0,0,368,0,0,215,152,1,0,0,0,52
4/3/2013,29462,404,1,10,11,0,24,142,0,214,0,2,0,0,0,0,374,0,0,205,166,3,0,0,0,30
5/3/2013,29584,428,0,16,7,0,34,159,0,209,0,3,0,0,0,0,306,0,0,155,149,1,1,0,0,122
6/3/2013,29590,316,1,20,8,5,16,104,0,160,0,2,0,0,0,0,310,0,0,145,159,1,5,0,0,6
7/3/2013,29569,354,0,8,12,0,19,116,0,198,0,1,0,0,0,0,375,0,0,189,179,1,6,0,0,-21
8/3/2013,29703,369,0,5,10,2,17,111,0,219,0,5,0,0,0,0,235,0,0,138,95,0,2,0,0,134
9/3/2013,29732,415,0,12,10,1,22,156,0,211,0,2,0,0,1,0,386,0,0,172,213,0,1,0,0,29
10/3/2013,29826,459,0,6,11,0,25,197,0,215,0,5,0,0,0,0,365,0,0,223,135,4,3,0,0,94
11/3/2013,29857,401,0,18,12,0,29,179,0,159,0,4,0,0,0,0,370,0,0,203,157,3,7,0,0,31
12/3/2013,29932,394,0,10,10,1,25,183,0,162,0,3,0,0,0,0,319,0,0,172,145,0,2,0,0,75
